tdmb_id, idmb_id, popularity, vote_average
2, tt0094675, 10.636, 6.8
3, tt0092149, 8.329, 7.2
NaN, NaN, NaN, NaN
5, tt0113101, 20.88, 5.7
6, tt0107286, 9.596, 6.5
NaN, NaN, NaN, NaN
8, tt0825671, 2.628, 7.5
9, tt0425473, 1.135, 7.1
NaN, NaN, NaN, NaN
11, tt0076759, 86.1, 8.2
12, tt0266543, 116.916, 7.8
13, tt0109830, 53.713, 8.5
14, tt0169547, 33.589, 8.0
15, tt0033467, 26.002, 8.0
16, tt0168629, 15.695, 7.9
17, tt0411267, 10.412, 5.8
18, tt0119116, 44.786, 7.5
19, tt0017136, 19.985, 8.2
20, tt0314412, 13.152, 5.8
21, tt0060371, 6.27, 7.4
22, tt0325980, 146.402, 7.8
NaN, NaN, NaN, NaN
24, tt0266697, 48.599, 8.0
25, tt0418763, 30.559, 6.6
26, tt0352994, 6.506, 7.0
27, tt0411705, 28.062, 5.6
28, tt0078788, 32.25, 8.3
NaN, NaN, NaN, NaN
NaN, NaN, NaN, NaN
NaN, NaN, NaN, NaN
NaN, NaN, NaN, NaN
33, tt0105695, 25.145, 7.9
NaN, NaN, NaN, NaN
35, tt0462538, 131.169, 7.0
NaN, NaN, NaN, NaN
NaN, NaN, NaN, NaN
38, tt0338013, 47.304, 8.1
NaN, NaN, NaN, NaN
NaN, NaN, NaN, NaN
NaN, NaN, NaN, NaN
NaN, NaN, NaN, NaN
NaN, NaN, NaN, NaN
NaN, NaN, NaN, NaN
NaN, NaN, NaN, NaN
NaN, NaN, NaN, NaN
NaN, NaN, NaN, NaN
NaN, NaN, NaN, NaN
NaN, NaN, NaN, NaN
NaN, NaN, NaN, NaN
NaN, NaN, NaN, NaN
NaN, NaN, NaN, NaN
NaN, NaN, NaN, NaN
NaN, NaN, NaN, NaN
55, tt0245712, 29.425, 7.6
NaN, NaN, NaN, NaN
NaN, NaN, NaN, NaN
58, tt0383574, 143.33, 7.3
59, tt0399146, 13.449, 7.2
NaN, NaN, NaN, NaN
NaN, NaN, NaN, NaN
62, tt0062622, 35.337, 8.1
63, tt0114746, 33.469, 7.6
64, tt0287467, 15.773, 7.6
65, tt0298203, 46.9, 7.1
66, tt0118548, 11.728, 6.6
67, tt0445620, 6.522, 7.0
68, tt0088846, 15.356, 7.7
69, tt0358273, 19.555, 7.5
70, tt0405159, 25.371, 8.0
71, tt0249462, 17.452, 7.6
NaN, NaN, NaN, NaN
73, tt0120586, 35.101, 8.4
74, tt0407304, 40.697, 6.5
75, tt0116996, 32.117, 6.4
76, tt0112471, 21.189, 7.9
77, tt0209144, 26.866, 8.2
78, tt0083658, 38.191, 7.9
79, tt0299977, 26.181, 7.5
80, tt0381681, 15.664, 7.8
81, tt0087544, 36.652, 7.9
82, tt0430357, 17.138, 5.9
83, tt0374102, 24.559, 5.5
NaN, NaN, NaN, NaN
85, tt0082971, 32.64, 7.9
86, tt0430051, 8.314, 6.2
87, tt0087469, 37.196, 7.3
88, tt0092890, 24.952, 7.4
89, tt0097576, 37.531, 7.8
90, tt0086960, 25.01, 7.2
91, tt0023037, 5.631, 7.1
92, tt0169024, 1.842, 7.0
93, tt0052561, 11.538, 7.8
94, tt0436488, 1.13, 10.0
95, tt0120591, 51.131, 6.8
96, tt0092644, 21.12, 6.4
97, tt0084827, 39.651, 6.7
98, tt0172495, 58.253, 8.2
99, tt0185125, 12.625, 7.7
100, tt0120735, 8.885, 8.2
101, tt0110413, 51.891, 8.3
102, tt0315543, 5.999, 6.9
103, tt0075314, 42.384, 8.2
104, tt0130827, 19.359, 7.4
105, tt0088763, 78.768, 8.3
106, tt0093773, 82.789, 7.5
107, tt0208092, 21.058, 7.8
108, tt0108394, 23.239, 7.7
109, tt0111507, 15.97, 7.5
110, tt0111495, 20.056, 8.0
111, tt0086250, 56.585, 8.2
112, tt0243862, 6.811, 6.4
113, tt0374546, 14.389, 7.8
114, tt0100405, 65.774, 7.4
115, tt0118715, 23.067, 7.9
116, tt0416320, 20.177, 7.3
117, tt0094226, 28.253, 7.8
118, tt0367594, 153.788, 7.0
NaN, NaN, NaN, NaN
120, tt0120737, 155.007, 8.4
121, tt0167261, 154.464, 8.4
122, tt0167260, 131.543, 8.5
123, tt0077869, 31.569, 6.6
124, tt0086961, 4.518, 7.4
125, tt0080668, 0.909, 5.9
126, tt0082631, 1.406, 6.8
127, tt0084549, 7.778, 7.6
128, tt0119698, 54.111, 8.3
129, tt0245429, 108.603, 8.5
NaN, NaN, NaN, NaN
NaN, NaN, NaN, NaN
132, tt0065780, 8.191, 7.4
133, tt0054205, 2.646, 6.5
134, tt0190590, 23.328, 7.3
135, tt0061589, 9.179, 7.5
136, tt0022913, 13.713, 7.8
137, tt0107048, 18.336, 7.6
138, tt0021814, 16.503, 7.2
139, tt0164756, 5.571, 6.8
140, tt0275491, 14.754, 7.4
141, tt0246578, 31.783, 7.8
142, tt0388795, 34.837, 7.8
143, tt0020629, 10.67, 7.8
144, tt0093191, 12.358, 7.8
145, tt0115751, 9.568, 7.5
146, tt0190332, 22.209, 7.4
147, tt0053198, 15.348, 8.1
148, tt0430576, 8.404, 7.0
149, tt0094625, 47.887, 8.0
150, tt0083511, 15.227, 6.7
NaN, NaN, NaN, NaN
152, tt0079945, 22.715, 6.5
153, tt0335266, 19.046, 7.4
154, tt0084726, 11.767, 7.5
155, tt0468569, 99.315, 8.5
156, tt0329767, 5.049, 6.4
157, tt0088170, 10.645, 6.6
158, tt0119472, 14.366, 7.6
159, tt0109255, 7.899, 6.2
160, tt0000012, 9.034, 7.1
161, tt0240772, 31.632, 7.4
162, tt0099487, 57.396, 7.7
163, tt0349903, 41.261, 6.5
164, tt0054698, 18.694, 7.7
165, tt0096874, 39.192, 7.7
166, tt0082100, 19.313, 6.5
167, tt0272152, 13.814, 7.2
168, tt0092007, 18.246, 7.2
169, tt0100403, 49.894, 6.2
170, tt0289043, 48.414, 7.2
171, tt0083686, 9.666, 6.4
172, tt0098382, 15.213, 5.7
173, tt0046672, 17.442, 7.1
174, tt0102975, 10.645, 7.0
175, tt0095250, 13.135, 7.5
176, tt0387564, 89.263, 7.4
177, tt0101889, 11.42, 7.3
178, tt0109303, 10.689, 6.1
179, tt0373926, 15.103, 6.3
180, tt0181689, 22.661, 7.3
NaN, NaN, NaN, NaN
182, tt0452624, 11.159, 5.8
183, tt0098663, 9.391, 6.1
184, tt0119396, 17.073, 7.3
185, tt0066921, 52.7, 8.2
186, tt0425210, 18.619, 7.5
187, tt0401792, 28.412, 7.4
NaN, NaN, NaN, NaN
189, tt0458481, 62.851, 6.3
190, , 0.6, 9.0
191, tt0248103, 2.834, 6.8
192, tt0091605, 24.232, 7.4
193, tt0111280, 12.804, 6.5
194, tt0211915, 26.061, 7.9
195, tt0023622, 7.967, 7.5
196, tt0099088, 39.752, 7.4
197, tt0112573, 51.091, 7.9
198, tt0035446, 9.183, 7.9
199, tt0117731, 18.798, 7.3
200, tt0120844, 19.471, 6.4
201, tt0253754, 22.568, 6.3
NaN, NaN, NaN, NaN
203, tt0070379, 15.906, 7.2
204, tt0046268, 12.058, 8.1
205, tt0395169, 22.37, 7.7
206, tt0287624, 4.104, 6.5
207, tt0097165, 28.387, 8.3
NaN, NaN, NaN, NaN
NaN, NaN, NaN, NaN
NaN, NaN, NaN, NaN
211, tt0276820, 1.141, 5.7
212, tt0036613, 11.584, 7.6
213, tt0053125, 16.882, 8.0
214, tt0489270, 70.699, 6.4
215, tt0432348, 63.263, 6.6
216, tt0071141, 7.76, 7.7
217, tt0367882, 33.346, 6.0
218, tt0088247, 55.537, 7.6
219, tt0441909, 13.851, 7.5
220, tt0048028, 12.852, 7.6
221, tt0048545, 12.317, 7.6
222, tt0017668, 3.897, 7.8
223, tt0032976, 17.823, 7.9
224, tt0075902, 3.723, 6.9
225, tt0082222, 3.304, 6.8
226, tt0171804, 18.299, 7.5
227, tt0086066, 25.694, 7.3
228, tt0020697, 9.608, 7.3
229, tt0026138, 16.784, 7.6
NaN, NaN, NaN, NaN
231, tt0365737, 13.383, 6.4
232, tt0086216, 12.671, 7.1
233, tt0080117, 12.224, 7.1
234, tt0010323, 17.386, 7.9
235, tt0092005, 22.434, 7.9
236, tt0110598, 11.563, 6.9
237, tt0289635, 9.552, 5.9
238, tt0068646, 83.79, 8.7
239, tt0053291, 24.435, 8.2
240, tt0071562, 58.602, 8.6
241, tt0110632, 27.176, 7.1
242, tt0099674, 41.59, 7.4
243, tt0146882, 16.665, 7.2
244, tt0024216, 26.42, 7.6
245, tt0276751, 11.438, 6.7
246, tt0363226, 13.152, 7.3
247, tt0049406, 14.174, 7.7
248, tt0055312, 9.102, 7.3
249, tt0098621, 13.828, 6.9
250, tt0180748, 7.675, 7.4
251, tt0099653, 32.903, 7.2
252, tt0067992, 70.423, 7.5
253, tt0070328, 20.953, 6.5
254, tt0360717, 47.342, 6.8
255, tt0062695, 9.179, 7.4
256, tt1180329, 7.733, 7.3
257, tt0380599, 16.557, 6.7
258, tt0065651, 6.943, 7.2
259, tt0078771, 8.505, 7.0
260, tt0026029, 10.209, 7.4
261, tt0051459, 11.078, 7.7
262, tt0085794, 15.578, 7.8
NaN, NaN, NaN, NaN
NaN, NaN, NaN, NaN
265, tt0082661, 3.509, 6.0
266, tt0057345, 8.172, 7.2
267, tt0118819, 12.834, 7.1
268, tt0096895, 81.655, 7.2
269, tt0053472, 16.631, 7.7
270, tt0997275, 1.351, 6.8
271, tt0088015, 13.546, 6.9
272, tt0372784, 81.597, 7.7
273, tt0276617, 2.289, 7.0
274, tt0102926, 14.548, 8.3
275, tt0116282, 28.057, 7.9
276, tt0408777, 7.357, 7.1
277, tt0320691, 65.93, 6.8
278, tt0111161, 78.276, 8.7
279, tt0086879, 23.969, 8.0
280, tt0103064, 75.195, 8.1
281, tt0114558, 10.793, 7.0
NaN, NaN, NaN, NaN
NaN, NaN, NaN, NaN
284, tt0053604, 14.847, 8.2
285, tt0449088, 143.117, 7.2
286, tt0853060, 2.879, 6.7
287, tt0094812, 12.758, 6.7
288, tt0044706, 12.128, 7.7
289, tt0034583, 21.261, 8.2
290, tt0101410, 13.489, 7.5
291, tt0389326, 4.687, 7.6
292, tt0425598, 8.915, 6.7
293, tt0105265, 14.133, 7.1
294, tt0089015, 9.302, 7.1
NaN, NaN, NaN, NaN
296, tt0181852, 40.93, 6.1
297, tt0119643, 30.438, 7.2
298, tt0496806, 27.54, 6.7
299, tt0054135, 13.28, 6.5
300, tt0354899, 10.024, 7.1
301, tt0053221, 16.793, 7.9
302, tt0324133, 16.606, 6.5
303, tt0038787, 15.319, 7.8
NaN, NaN, NaN, NaN
NaN, NaN, NaN, NaN
306, tt0109254, 18.009, 5.9
307, tt0038890, 8.213, 8.0
308, tt0412019, 8.663, 6.9
309, tt0154420, 10.917, 7.8
310, tt0315327, 53.975, 6.7
311, tt0087843, 45.994, 8.4
312, tt0116692, 3.432, 7.0
313, tt0448124, 8.124, 7.1
314, tt0327554, 27.73, 4.6
315, tt0059170, 8.601, 6.5
316, tt0304126, 2.054, 6.6
317, tt0464029, 3.334, 6.8
318, tt0120753, 8.286, 5.9
319, tt0108399, 26.206, 7.5
320, tt0278504, 19.0, 6.9
321, tt0330602, 7.349, 5.9
322, tt0327056, 27.296, 7.7
NaN, NaN, NaN, NaN
NaN, NaN, NaN, NaN
NaN, NaN, NaN, NaN
326, tt0417148, 23.22, 5.3
327, tt0222851, 14.414, 7.1
NaN, NaN, NaN, NaN
329, tt0107290, 38.4, 7.9
330, tt0119567, 2.872, 6.5
331, tt0163025, 2.371, 6.1
332, tt0141369, 17.554, 4.5
333, tt0303785, 4.378, 6.4
334, tt0175880, 21.143, 7.7
335, tt0064116, 33.178, 8.3
336, tt0067140, 12.027, 7.8
337, tt0329388, 8.333, 7.1
338, tt0301357, 16.977, 7.6
339, tt0102536, 9.214, 7.6
340, tt0404030, 8.137, 7.3
341, tt0489010, 6.189, 5.8
342, tt0420206, 7.584, 6.8
343, tt0067185, 9.823, 7.7
344, tt0135790, 8.651, 7.5
345, tt0120663, 33.872, 7.5
346, tt0047478, 21.604, 8.5
347, tt0020163, 4.951, 7.3
348, tt0078748, 68.373, 8.1
349, tt0428430, 1.891, 6.2
350, tt0458352, 58.47, 7.4
351, tt0416213, 1.4, 6.3
NaN, NaN, NaN, NaN
NaN, NaN, NaN, NaN
NaN, NaN, NaN, NaN
NaN, NaN, NaN, NaN
NaN, NaN, NaN, NaN
NaN, NaN, NaN, NaN
NaN, NaN, NaN, NaN
NaN, NaN, NaN, NaN
NaN, NaN, NaN, NaN
NaN, NaN, NaN, NaN
NaN, NaN, NaN, NaN
363, tt0347048, 10.125, 7.4
364, tt0103776, 42.987, 6.9
NaN, NaN, NaN, NaN
NaN, NaN, NaN, NaN
NaN, NaN, NaN, NaN
NaN, NaN, NaN, NaN
NaN, NaN, NaN, NaN
NaN, NaN, NaN, NaN
NaN, NaN, NaN, NaN
NaN, NaN, NaN, NaN
NaN, NaN, NaN, NaN
NaN, NaN, NaN, NaN
NaN, NaN, NaN, NaN
NaN, NaN, NaN, NaN
377, tt0087800, 60.373, 7.3
378, tt0093822, 12.447, 7.0
379, tt0100150, 11.524, 7.5
380, tt0095953, 18.813, 7.8
381, tt0048728, 12.364, 7.4
NaN, NaN, NaN, NaN
383, tt0089537, 5.615, 6.4
NaN, NaN, NaN, NaN
NaN, NaN, NaN, NaN
NaN, NaN, NaN, NaN
387, tt0082096, 24.324, 8.1
388, tt0454848, 29.721, 7.4
389, tt0050083, 30.115, 8.5
390, tt0110361, 6.141, 7.3
391, tt0058461, 30.292, 7.9
392, tt0241303, 19.338, 6.9
393, tt0378194, 31.146, 7.9
NaN, NaN, NaN, NaN
395, tt0370263, 44.224, 5.9
396, tt0061184, 10.863, 7.8
397, tt0113117, 13.841, 6.4
398, tt0379725, 12.151, 7.0
NaN, NaN, NaN, NaN
400, tt0114660, 7.378, 6.6
401, tt0333766, 11.734, 7.1
402, tt0103772, 36.273, 6.8
403, tt0097239, 17.727, 7.3
404, tt0166896, 15.379, 7.7
405, tt0047528, 9.739, 8.0
406, tt0113247, 19.092, 8.1
407, tt0162426, 2.754, 6.6
408, tt0029583, 127.383, 7.1
409, tt0116209, 23.466, 7.2
410, tt0477877, 1.699, 6.7
411, tt0363771, 122.318, 7.1
NaN, NaN, NaN, NaN
NaN, NaN, NaN, NaN
414, tt0112462, 29.769, 5.4
415, tt0118688, 37.436, 4.3
NaN, NaN, NaN, NaN
NaN, NaN, NaN, NaN
NaN, NaN, NaN, NaN
419, tt0383041, 3.553, 4.5
NaN, NaN, NaN, NaN
421, tt0362270, 17.044, 7.2
422, tt0056801, 18.41, 8.2
423, tt0253474, 39.015, 8.4
424, tt0108052, 50.215, 8.6
425, tt0268380, 212.931, 7.3
426, tt0052357, 24.971, 8.2
427, tt0050706, 10.041, 7.4
428, tt0806679, 4.326, 6.0
429, tt0060196, 50.524, 8.5
430, tt0055256, 10.465, 7.6
431, tt0123755, 21.915, 6.8
NaN, NaN, NaN, NaN
433, tt0058331, 46.221, 7.6
434, tt0475317, 3.471, 6.7
435, tt0319262, 42.817, 6.5
436, tt0390221, 11.216, 7.3
437, tt0285492, 18.395, 5.5
438, tt0377713, 20.151, 5.7
439, tt0053779, 17.407, 8.2
440, tt0758730, 68.775, 5.1
441, tt0219822, 10.392, 6.0
442, tt0314524, 5.436, 6.3
NaN, NaN, NaN, NaN
NaN, NaN, NaN, NaN
445, tt0387898, 8.296, 7.1
446, tt0351238, 2.032, 7.5
NaN, NaN, NaN, NaN
NaN, NaN, NaN, NaN
NaN, NaN, NaN, NaN
NaN, NaN, NaN, NaN
451, tt0113627, 20.81, 7.2
452, tt0154421, 15.064, 6.5
453, tt0268978, 29.949, 7.8
454, tt0117509, 24.425, 6.8
455, tt0286499, 10.256, 6.3
NaN, NaN, NaN, NaN
457, tt0048624, 18.417, 7.4
458, tt0049762, 11.734, 7.2
459, tt0050974, 13.487, 7.3
460, tt0416331, 2.436, 6.4
NaN, NaN, NaN, NaN
462, tt0195685, 23.176, 7.4
NaN, NaN, NaN, NaN
464, tt0382330, 6.814, 7.2
465, tt0094596, 3.867, 5.4
466, tt0067309, 9.395, 6.8
467, tt0242527, 12.582, 6.2
468, tt0102494, 13.646, 7.1
469, tt0088184, 9.319, 7.2
470, tt0315733, 16.719, 7.4
471, tt0129774, 5.01, 6.2
NaN, NaN, NaN, NaN
473, tt0138704, 17.186, 7.1
NaN, NaN, NaN, NaN
475, tt0061418, 19.356, 7.5
476, tt0097240, 12.599, 7.2
NaN, NaN, NaN, NaN
NaN, NaN, NaN, NaN
479, tt0162650, 20.272, 5.9
480, tt0265343, 7.595, 6.8
481, tt0461894, 10.617, 6.0
482, tt0067741, 11.925, 6.5
483, tt0100935, 10.902, 7.0
NaN, NaN, NaN, NaN
NaN, NaN, NaN, NaN
NaN, NaN, NaN, NaN
NaN, NaN, NaN, NaN
488, tt0043265, 13.22, 7.4
489, tt0119217, 52.797, 8.1
490, tt0050976, 22.317, 8.2
491, tt0301343, 0.6, 8.0
492, tt0120601, 20.275, 7.4
493, tt0069257, 3.786, 6.0
494, tt0070679, 3.645, 6.0
NaN, NaN, NaN, NaN
496, tt0443453, 17.554, 6.7
497, tt0120689, 127.085, 8.5
NaN, NaN, NaN, NaN
499, tt0055852, 10.314, 7.7
500, tt0105236, 35.441, 8.1
501, tt0427312, 11.038, 7.5
502, tt0058083, 11.554, 7.8
503, tt0409182, 20.057, 5.8
504, tt0340855, 19.499, 7.2
505, tt0097626, 8.043, 6.3
506, tt0058329, 15.879, 7.2
507, tt0110265, 8.31, 6.2
508, tt0314331, 22.469, 7.1
509, tt0125439, 26.545, 7.2
510, tt0073486, 28.875, 8.4
511, tt0072446, 5.5, 6.9
512, tt0457513, 14.812, 6.6
513, tt0116308, 3.861, 6.6
NaN, NaN, NaN, NaN
NaN, NaN, NaN, NaN
NaN, NaN, NaN, NaN
NaN, NaN, NaN, NaN
NaN, NaN, NaN, NaN
NaN, NaN, NaN, NaN
NaN, NaN, NaN, NaN
521, tt0046912, 14.385, 8.0
522, tt0109707, 14.033, 7.5
523, tt0454931, 7.893, 6.7
524, tt0112641, 19.01, 8.0
525, tt0080455, 24.652, 7.7
526, tt0089457, 16.975, 7.0
527, tt0110729, 12.948, 7.4
NaN, NaN, NaN, NaN
NaN, NaN, NaN, NaN
530, tt0104361, 15.623, 7.5
531, tt0108598, 14.001, 7.7
532, tt0112691, 14.953, 7.5
533, tt0312004, 28.807, 7.0
534, tt0438488, 161.898, 6.0
535, tt0085549, 23.492, 6.5
536, tt0958195, 0.6, 5.0
537, tt0436445, 2.472, 6.8
538, tt0485662, 0.949, 5.0
539, tt0054215, 42.265, 8.4
540, tt0367631, 16.481, 6.3
541, tt0048347, 7.665, 7.2
542, tt0313196, 12.845, 6.5
543, tt0019702, 8.923, 6.6
544, tt0129387, 25.013, 6.6
NaN, NaN, NaN, NaN
546, tt0407265, 8.828, 7.1
547, tt0119314, 17.105, 6.9
548, tt0042876, 12.417, 8.2
549, tt0115632, 7.211, 6.7
550, tt0137523, 63.445, 8.4
551, tt0069113, 17.212, 7.2
552, tt0237539, 7.096, 7.3
553, tt0276919, 17.712, 7.8
554, tt0308476, 5.998, 7.1
555, tt0442896, 1.312, 7.9
NaN, NaN, NaN, NaN
557, tt0145487, 600.525, 7.2
558, tt0316654, 199.577, 7.2
559, tt0413300, 526.05, 6.3
560, tt0040766, 7.738, 6.5
561, tt0360486, 74.469, 7.0
562, tt0095016, 41.152, 7.7
563, tt0120201, 34.614, 7.0
564, tt0120616, 61.184, 6.8
565, tt0298130, 44.689, 6.6
NaN, NaN, NaN, NaN
567, tt0047396, 20.559, 8.4
568, tt0112384, 21.476, 7.4
NaN, NaN, NaN, NaN
570, tt0243255, 13.214, 6.2
571, tt0056869, 32.764, 7.5
572, tt0453383, 9.488, 6.5
573, tt0068611, 9.214, 7.1
574, tt0049470, 13.041, 7.5
575, tt0250258, 11.363, 7.4
576, tt0065214, 12.81, 7.7
577, tt0114681, 11.207, 6.6
578, tt0073195, 67.15, 7.6
579, tt0077766, 21.857, 5.9
580, tt0093300, 18.833, 4.0
581, tt0099348, 23.798, 7.8
582, tt0405094, 18.897, 8.1
583, tt0079470, 14.976, 7.8
584, tt0322259, 9.466, 6.4
585, tt0198781, 209.058, 7.8
586, tt0120885, 9.573, 7.0
587, tt0319061, 26.855, 7.8
588, tt0384537, 45.014, 6.5
NaN, NaN, NaN, NaN
590, tt0274558, 13.243, 7.3
591, tt0382625, 38.111, 6.7
592, tt0071360, 15.525, 7.6
593, tt0069293, 17.719, 7.9
594, tt0362227, 34.305, 7.3
595, tt0056592, 13.362, 8.0
596, tt0032551, 15.105, 7.8
597, tt0120338, 172.646, 7.9
598, tt0317248, 41.209, 8.4
599, tt0043014, 15.193, 8.4
600, tt0093058, 58.588, 8.1
601, tt0083866, 30.193, 7.5
602, tt0116629, 54.123, 6.8
603, tt0133093, 139.662, 8.2
604, tt0234215, 106.679, 7.0
605, tt0242653, 115.376, 6.7
606, tt0089755, 15.147, 7.2
607, tt0119654, 49.498, 7.2
608, tt0120912, 37.465, 6.3
609, tt0084516, 47.667, 7.1
NaN, NaN, NaN, NaN
NaN, NaN, NaN, NaN
612, tt0408306, 26.081, 7.1
613, tt0363163, 21.426, 7.8
614, tt0050986, 12.242, 8.1
615, tt0335345, 107.709, 7.4
616, tt0325710, 37.706, 7.5
617, tt0120890, 23.079, 6.3
618, tt0004972, 7.131, 6.1
619, tt0103855, 29.505, 6.6
620, tt0087332, 77.404, 7.4
621, tt0077631, 39.165, 7.4
622, tt0142688, 20.836, 6.4
623, tt0095159, 15.188, 7.2
624, tt0064276, 14.009, 7.1
625, tt0087553, 12.719, 7.5
626, tt0020530, 14.109, 7.5
627, tt0117951, 24.219, 8.0
628, tt0110148, 29.895, 7.4
629, tt0114814, 26.36, 8.2
630, tt0032138, 71.803, 7.6
631, tt0018455, 12.709, 7.9
632, tt0046359, 12.662, 7.7
633, tt0076734, 8.741, 7.1
634, tt0243155, 25.123, 6.8
635, tt0092563, 16.369, 7.1
636, tt0066434, 13.059, 6.5
637, tt0118799, 59.799, 8.5
638, tt0116922, 16.832, 7.6
639, tt0098635, 22.159, 7.4
640, tt0264464, 51.363, 7.9
641, tt0180093, 11.724, 8.0
642, tt0064115, 22.781, 7.6
643, tt0015648, 16.929, 7.7
644, tt0212720, 22.17, 7.0
NaN, NaN, NaN, NaN
646, tt0055928, 43.046, 7.0
647, tt0385700, 25.333, 7.1
648, tt0038348, 11.452, 7.5
649, tt0061395, 13.432, 7.4
650, tt0101507, 47.468, 7.6
651, tt0066026, 11.228, 7.0
652, tt0332452, 60.711, 7.1
653, tt0013442, 22.338, 7.7
654, tt0047296, 12.278, 8.0
655, tt0087884, 18.029, 8.1
NaN, NaN, NaN, NaN
657, tt0057076, 37.445, 7.1
658, tt0058150, 24.031, 7.4
659, tt0078875, 11.384, 7.0
660, tt0059800, 28.871, 6.6
661, tt0079095, 9.118, 7.4
662, tt0056119, 9.04, 7.9
663, tt0890870, 60.612, 6.2
664, tt0117998, 21.906, 6.4
665, tt0052618, 40.358, 7.8
666, tt0140888, 9.645, 8.1
667, tt0062512, 29.924, 6.5
668, tt0064757, 26.265, 6.6
669, tt0013427, 7.426, 7.1
670, tt0364569, 30.331, 8.3
671, tt0241527, 395.6, 7.9
672, tt0295297, 318.513, 7.7
673, tt0304141, 314.559, 8.0
674, tt0330373, 280.368, 7.8
675, tt0373889, 261.46, 7.7
676, tt0213149, 52.984, 6.9
677, tt0030522, 6.674, 6.9
678, tt0039689, 7.401, 7.7
679, tt0090605, 39.763, 7.9
680, tt0110912, 71.059, 8.5
681, tt0066995, 26.838, 6.4
682, tt0071807, 26.491, 6.4
NaN, NaN, NaN, NaN
NaN, NaN, NaN, NaN
685, tt0030523, 3.47, 6.9
686, tt0118884, 21.372, 7.4
687, tt0112818, 14.62, 7.4
688, tt0112579, 20.634, 7.7
689, tt0073800, 4.085, 7.3
690, tt0053168, 6.767, 7.3
691, tt0076752, 19.743, 6.8
692, tt0069089, 11.207, 6.3
693, tt0290002, 26.076, 6.2
694, tt0081505, 66.51, 8.2
695, tt0108122, 10.133, 7.2
696, tt0079522, 14.234, 7.8
697, tt0018217, 6.143, 7.0
698, tt0079574, 26.099, 6.1
699, tt0082398, 28.375, 6.5
700, tt0086034, 28.262, 6.3
701, tt0014341, 7.208, 7.5
702, tt0044081, 20.758, 7.7
703, tt0075686, 15.014, 7.8
704, tt0058182, 15.366, 7.4
705, tt0042192, 16.275, 8.2
706, tt0071458, 2.545, 6.7
707, tt0090264, 19.729, 6.1
708, tt0093428, 25.46, 6.4
709, tt0097742, 30.44, 6.3
710, tt0113189, 29.248, 6.9
711, tt0181536, 11.365, 7.1
712, tt0109831, 18.148, 6.8
713, tt0107822, 20.655, 7.4
714, tt0120347, 29.239, 6.3
NaN, NaN, NaN, NaN
NaN, NaN, NaN, NaN
NaN, NaN, NaN, NaN
NaN, NaN, NaN, NaN
NaN, NaN, NaN, NaN
NaN, NaN, NaN, NaN
NaN, NaN, NaN, NaN
NaN, NaN, NaN, NaN
NaN, NaN, NaN, NaN
NaN, NaN, NaN, NaN
NaN, NaN, NaN, NaN
NaN, NaN, NaN, NaN
NaN, NaN, NaN, NaN
NaN, NaN, NaN, NaN
NaN, NaN, NaN, NaN
NaN, NaN, NaN, NaN
NaN, NaN, NaN, NaN
NaN, NaN, NaN, NaN
NaN, NaN, NaN, NaN
NaN, NaN, NaN, NaN
NaN, NaN, NaN, NaN
NaN, NaN, NaN, NaN
NaN, NaN, NaN, NaN
NaN, NaN, NaN, NaN
NaN, NaN, NaN, NaN
NaN, NaN, NaN, NaN
NaN, NaN, NaN, NaN
742, tt0203166, 6.288, 7.0
743, tt0129659, 1.529, 5.9
744, tt0092099, 46.691, 7.0
745, tt0167404, 38.852, 7.9
746, tt0093389, 18.366, 7.6
747, tt0365748, 28.128, 7.5
NaN, NaN, NaN, NaN
NaN, NaN, NaN, NaN
750, tt0055205, 10.993, 7.3
751, tt0057334, 12.564, 6.9
752, tt0434409, 30.147, 7.9
753, tt0062952, 7.629, 7.3
754, tt0119094, 31.13, 7.0
755, tt0116367, 41.381, 7.0
756, tt0032455, 77.928, 7.4
757, tt0058383, 9.107, 7.0
758, tt0058382, 9.443, 7.0
759, tt0045810, 16.139, 7.3
760, tt0069747, 12.64, 7.4
761, tt0074103, 12.221, 7.2
762, tt0071853, 17.992, 7.8
763, tt0103873, 17.163, 7.4
764, tt0083907, 46.276, 7.3
765, tt0092991, 23.146, 7.5
766, tt0106308, 23.76, 7.3
767, tt0417741, 265.078, 7.7
768, tt0120681, 28.129, 6.7
769, tt0099685, 36.067, 8.5
770, tt0031381, 30.524, 8.0
771, tt0099785, 3.588, 7.4
772, tt0104431, 73.96, 6.7
773, tt0449059, 12.601, 7.7
774, tt0000010, 7.221, 6.7
775, tt0000417, 18.17, 8.0
776, tt0031885, 7.342, 7.7
777, tt0028950, 8.465, 7.8
778, tt0046487, 12.481, 7.1
779, tt0023649, 8.448, 7.4
780, tt0019254, 13.886, 8.1
781, tt0120522, 2.808, 6.9
782, tt0119177, 28.151, 7.5
783, tt0083987, 16.359, 7.5
784, tt0116790, 8.292, 7.4
785, tt0023104, 1.772, 6.9
786, tt0181875, 20.76, 7.5
787, tt0356910, 33.679, 6.7
788, tt0107614, 32.574, 7.2
789, tt0060802, 8.696, 7.4
790, tt0080749, 22.873, 6.7
791, tt0432291, 15.709, 4.4
792, tt0091763, 30.662, 7.7
793, tt0090756, 18.865, 7.7
794, tt0075005, 26.728, 7.4
795, tt0120632, 28.157, 6.8
796, tt0139134, 36.422, 6.8
797, tt0060827, 17.219, 8.3
798, tt0046218, 2.013, 7.1
799, tt0161935, 2.587, 7.1
800, tt0042804, 6.228, 8.1
801, tt0093105, 15.866, 7.4
802, tt0056193, 41.16, 7.4
803, tt0048434, 8.108, 8.3
804, tt0046250, 16.924, 7.9
805, tt0063522, 24.6, 7.8
806, tt0466909, 32.479, 5.6
807, tt0114369, 44.197, 8.3
808, tt0126029, 190.406, 7.7
809, tt0298148, 161.391, 7.2
810, tt0413267, 110.715, 6.2
811, tt0067756, 8.527, 6.4
812, tt0103639, 84.734, 7.6
813, tt0080339, 25.638, 7.3
814, tt0082010, 28.652, 7.4
815, tt0204824, 9.749, 5.8
816, tt0118655, 21.343, 6.5
817, tt0145660, 23.209, 6.2
818, tt0295178, 17.226, 6.0
819, tt0117665, 22.209, 7.6
820, tt0102138, 16.175, 7.6
821, tt0055031, 18.018, 8.1
822, tt0051792, 5.897, 7.6
823, tt0193253, 12.125, 7.4
824, tt0203009, 16.242, 7.6
825, tt0145734, 8.19, 6.6
826, tt0050212, 16.724, 7.8
827, tt0046911, 11.584, 7.9
828, tt0043456, 28.199, 7.5
829, tt0071315, 21.859, 7.9
830, tt0049223, 18.913, 7.3
831, tt0047577, 11.357, 5.9
832, tt0022100, 12.251, 8.1
833, tt0045274, 5.634, 7.9
834, tt0401855, 47.684, 6.6
835, tt0022869, 1.116, 5.4
836, tt0057654, 5.068, 7.3
837, tt0086541, 10.646, 7.3
838, tt0069704, 12.043, 7.1
839, tt0067023, 27.118, 7.4
840, tt0075860, 22.633, 7.4
841, tt0087182, 55.014, 6.3
842, tt0364961, 9.338, 6.5
843, tt0118694, 25.901, 8.1
844, tt0212712, 15.997, 7.2
845, tt0044079, 14.026, 7.7
846, tt0120902, 23.555, 6.8
847, tt0096446, 24.589, 7.0
848, tt0082288, 11.326, 6.5
849, tt0085811, 8.806, 6.0
850, tt0085334, 11.633, 7.3
851, tt0037558, 10.101, 7.8
852, tt0051588, 5.434, 7.4
853, tt0215750, 36.978, 7.4
854, tt0110475, 63.358, 6.9
855, tt0265086, 35.066, 7.4
856, tt0096438, 39.214, 7.5
857, tt0120815, 72.939, 8.2
858, tt0108160, 16.81, 6.7
859, tt0094947, 17.704, 7.3
860, tt0086567, 16.828, 7.1
861, tt0100802, 27.567, 7.3
862, tt0114709, 224.889, 8.0
863, tt0120363, 156.785, 7.6
864, tt0106611, 23.173, 7.0
865, tt0093894, 18.638, 6.5
866, tt0308644, 15.343, 7.3
867, tt0108162, 19.212, 5.4
868, tt0468565, 7.668, 6.9
869, tt0133152, 34.46, 5.7
870, tt0330229, 10.533, 7.7
871, tt0063442, 39.02, 7.6
872, tt0045152, 20.459, 8.2
873, tt0088939, 15.935, 7.8
874, tt0060665, 9.691, 7.4
875, tt0023458, 9.536, 7.0
NaN, NaN, NaN, NaN
877, tt0023427, 27.275, 7.5
878, tt0036818, 7.424, 7.0
879, tt0102057, 43.023, 6.8
880, tt0112379, 5.462, 6.9
881, tt0104257, 22.452, 7.5
882, tt0087273, 0.6, 6.3
883, tt0379217, 14.082, 7.0
884, tt0115964, 20.297, 6.5
885, tt0018839, 4.015, 7.2
886, tt0059037, 9.343, 7.1
887, tt0036868, 8.087, 7.8
888, tt0109813, 56.728, 5.3
889, tt0158622, 23.095, 4.8
890, tt0114354, 1.56, 6.5
891, tt0074119, 11.438, 7.7
892, tt0101700, 14.722, 7.3
893, tt0246859, 0.6, 6.2
894, tt0396273, 1.4, 6.4
895, tt0060107, 15.411, 8.2
896, tt0052572, 5.904, 8.2
897, tt0048956, 6.03, 8.0
898, tt0055798, 10.544, 7.4
899, tt0009968, 8.2, 7.0
900, tt0029947, 9.752, 7.6
901, tt0021749, 16.222, 8.3
902, tt0112682, 16.275, 7.4
903, tt0061512, 15.553, 7.8
904, tt0006102, 1.121, 10.0
905, tt0018737, 11.267, 7.6
906, tt0020842, 1.706, 6.3
907, tt0059113, 23.549, 7.6
908, tt0446460, 2.352, 5.9
909, tt0037059, 8.788, 7.1
NaN, NaN, NaN, NaN
NaN, NaN, NaN, NaN
NaN, NaN, NaN, NaN
NaN, NaN, NaN, NaN
NaN, NaN, NaN, NaN
NaN, NaN, NaN, NaN
NaN, NaN, NaN, NaN
NaN, NaN, NaN, NaN
NaN, NaN, NaN, NaN
NaN, NaN, NaN, NaN
NaN, NaN, NaN, NaN
NaN, NaN, NaN, NaN
NaN, NaN, NaN, NaN
NaN, NaN, NaN, NaN
NaN, NaN, NaN, NaN
NaN, NaN, NaN, NaN
NaN, NaN, NaN, NaN
NaN, NaN, NaN, NaN
1018, tt0166924, 27.688, 7.8
NaN, NaN, NaN, NaN
NaN, NaN, NaN, NaN
NaN, NaN, NaN, NaN
NaN, NaN, NaN, NaN
1023, tt0418455, 9.701, 7.5
1024, tt0110005, 15.513, 7.0
NaN, NaN, NaN, NaN
NaN, NaN, NaN, NaN
NaN, NaN, NaN, NaN
NaN, NaN, NaN, NaN
NaN, NaN, NaN, NaN
NaN, NaN, NaN, NaN
NaN, NaN, NaN, NaN
NaN, NaN, NaN, NaN
NaN, NaN, NaN, NaN
NaN, NaN, NaN, NaN
NaN, NaN, NaN, NaN
NaN, NaN, NaN, NaN
NaN, NaN, NaN, NaN
NaN, NaN, NaN, NaN
1039, tt0141824, 1.425, 6.6
1040, tt0057091, 11.796, 7.7
NaN, NaN, NaN, NaN
NaN, NaN, NaN, NaN
NaN, NaN, NaN, NaN
NaN, NaN, NaN, NaN
NaN, NaN, NaN, NaN
NaN, NaN, NaN, NaN
NaN, NaN, NaN, NaN
NaN, NaN, NaN, NaN
1049, tt0108185, 16.698, 6.3
1050, tt0215369, 3.095, 7.0
1051, tt0067116, 12.399, 7.6
1052, tt0060176, 12.807, 7.4
NaN, NaN, NaN, NaN
NaN, NaN, NaN, NaN
NaN, NaN, NaN, NaN
NaN, NaN, NaN, NaN
NaN, NaN, NaN, NaN
1058, tt0085276, 7.431, 5.9
1059, tt0051808, 11.6, 8.0
NaN, NaN, NaN, NaN
NaN, NaN, NaN, NaN
NaN, NaN, NaN, NaN
NaN, NaN, NaN, NaN
NaN, NaN, NaN, NaN
NaN, NaN, NaN, NaN
NaN, NaN, NaN, NaN
NaN, NaN, NaN, NaN
NaN, NaN, NaN, NaN
NaN, NaN, NaN, NaN
NaN, NaN, NaN, NaN
NaN, NaN, NaN, NaN
NaN, NaN, NaN, NaN
1073, tt0137363, 14.491, 7.0
NaN, NaN, NaN, NaN
1075, tt0118843, 8.724, 7.7
NaN, NaN, NaN, NaN
NaN, NaN, NaN, NaN
NaN, NaN, NaN, NaN
NaN, NaN, NaN, NaN
NaN, NaN, NaN, NaN
NaN, NaN, NaN, NaN
NaN, NaN, NaN, NaN
NaN, NaN, NaN, NaN
NaN, NaN, NaN, NaN
NaN, NaN, NaN, NaN
NaN, NaN, NaN, NaN
NaN, NaN, NaN, NaN
1088, tt0298228, 10.631, 7.3
1089, tt0102685, 21.043, 7.1
1090, tt0139809, 13.097, 7.0
1091, tt0084787, 45.294, 8.0
1092, tt0041959, 15.848, 8.0
1093, tt0051378, 7.823, 7.6
NaN, NaN, NaN, NaN
NaN, NaN, NaN, NaN
NaN, NaN, NaN, NaN
NaN, NaN, NaN, NaN
NaN, NaN, NaN, NaN
NaN, NaN, NaN, NaN
NaN, NaN, NaN, NaN
NaN, NaN, NaN, NaN
NaN, NaN, NaN, NaN
1103, tt0082340, 24.34, 7.1
NaN, NaN, NaN, NaN
NaN, NaN, NaN, NaN
NaN, NaN, NaN, NaN
NaN, NaN, NaN, NaN
NaN, NaN, NaN, NaN
NaN, NaN, NaN, NaN
NaN, NaN, NaN, NaN
NaN, NaN, NaN, NaN
NaN, NaN, NaN, NaN
NaN, NaN, NaN, NaN
1114, tt0373861, 4.939, 7.4
1115, tt0419773, 2.373, 6.5
1116, tt0460989, 11.506, 7.4
NaN, NaN, NaN, NaN
NaN, NaN, NaN, NaN
NaN, NaN, NaN, NaN
NaN, NaN, NaN, NaN
NaN, NaN, NaN, NaN
NaN, NaN, NaN, NaN
1123, tt0437232, 7.702, 6.3
1124, tt0482571, 29.057, 8.2
1125, tt0443489, 17.171, 6.8
1126, tt0385017, 5.488, 7.4
1127, tt0434292, 5.519, 6.8
NaN, NaN, NaN, NaN
NaN, NaN, NaN, NaN
NaN, NaN, NaN, NaN
NaN, NaN, NaN, NaN
NaN, NaN, NaN, NaN
NaN, NaN, NaN, NaN
NaN, NaN, NaN, NaN
NaN, NaN, NaN, NaN
NaN, NaN, NaN, NaN
NaN, NaN, NaN, NaN
NaN, NaN, NaN, NaN
NaN, NaN, NaN, NaN
NaN, NaN, NaN, NaN
NaN, NaN, NaN, NaN
NaN, NaN, NaN, NaN
NaN, NaN, NaN, NaN
NaN, NaN, NaN, NaN
NaN, NaN, NaN, NaN
NaN, NaN, NaN, NaN
NaN, NaN, NaN, NaN
NaN, NaN, NaN, NaN
NaN, NaN, NaN, NaN
NaN, NaN, NaN, NaN
NaN, NaN, NaN, NaN
NaN, NaN, NaN, NaN
NaN, NaN, NaN, NaN
NaN, NaN, NaN, NaN
NaN, NaN, NaN, NaN
NaN, NaN, NaN, NaN
NaN, NaN, NaN, NaN
NaN, NaN, NaN, NaN
NaN, NaN, NaN, NaN
NaN, NaN, NaN, NaN
NaN, NaN, NaN, NaN
1162, tt0056241, 7.693, 7.8
1163, tt0246786, 7.041, 7.0
1164, tt0449467, 16.691, 7.2
1165, tt0436697, 16.514, 7.0
NaN, NaN, NaN, NaN
NaN, NaN, NaN, NaN
NaN, NaN, NaN, NaN
NaN, NaN, NaN, NaN
NaN, NaN, NaN, NaN
NaN, NaN, NaN, NaN
NaN, NaN, NaN, NaN
NaN, NaN, NaN, NaN
NaN, NaN, NaN, NaN
NaN, NaN, NaN, NaN
NaN, NaN, NaN, NaN
NaN, NaN, NaN, NaN
NaN, NaN, NaN, NaN
NaN, NaN, NaN, NaN
NaN, NaN, NaN, NaN
NaN, NaN, NaN, NaN
NaN, NaN, NaN, NaN
NaN, NaN, NaN, NaN
NaN, NaN, NaN, NaN
NaN, NaN, NaN, NaN
NaN, NaN, NaN, NaN
NaN, NaN, NaN, NaN
NaN, NaN, NaN, NaN
NaN, NaN, NaN, NaN
NaN, NaN, NaN, NaN
NaN, NaN, NaN, NaN
NaN, NaN, NaN, NaN
NaN, NaN, NaN, NaN
NaN, NaN, NaN, NaN
NaN, NaN, NaN, NaN
NaN, NaN, NaN, NaN
NaN, NaN, NaN, NaN
NaN, NaN, NaN, NaN
NaN, NaN, NaN, NaN
NaN, NaN, NaN, NaN
NaN, NaN, NaN, NaN
NaN, NaN, NaN, NaN
NaN, NaN, NaN, NaN
NaN, NaN, NaN, NaN
NaN, NaN, NaN, NaN
NaN, NaN, NaN, NaN
NaN, NaN, NaN, NaN
NaN, NaN, NaN, NaN
NaN, NaN, NaN, NaN
NaN, NaN, NaN, NaN
NaN, NaN, NaN, NaN
NaN, NaN, NaN, NaN
1213, tt0134119, 14.782, 7.2
NaN, NaN, NaN, NaN
NaN, NaN, NaN, NaN
NaN, NaN, NaN, NaN
NaN, NaN, NaN, NaN
NaN, NaN, NaN, NaN
NaN, NaN, NaN, NaN
NaN, NaN, NaN, NaN
NaN, NaN, NaN, NaN
NaN, NaN, NaN, NaN
NaN, NaN, NaN, NaN
NaN, NaN, NaN, NaN
NaN, NaN, NaN, NaN
NaN, NaN, NaN, NaN
NaN, NaN, NaN, NaN
NaN, NaN, NaN, NaN
NaN, NaN, NaN, NaN
NaN, NaN, NaN, NaN
NaN, NaN, NaN, NaN
NaN, NaN, NaN, NaN
NaN, NaN, NaN, NaN
NaN, NaN, NaN, NaN
NaN, NaN, NaN, NaN
NaN, NaN, NaN, NaN
NaN, NaN, NaN, NaN
NaN, NaN, NaN, NaN
NaN, NaN, NaN, NaN
NaN, NaN, NaN, NaN
NaN, NaN, NaN, NaN
NaN, NaN, NaN, NaN
NaN, NaN, NaN, NaN
1244, tt0764639, 3.347, 6.5
1245, tt0107943, 15.964, 7.4
1246, tt0479143, 38.101, 6.8
1247, tt0343737, 17.21, 6.4
1248, tt0367959, 7.237, 6.2
1249, tt0427969, 9.073, 6.1
1250, tt0259324, 71.139, 5.5
1251, tt0498380, 18.707, 7.5
1252, tt0441774, 10.927, 6.0
1253, tt0443456, 9.801, 6.1
1254, tt0485241, 7.804, 7.3
1255, tt0468492, 41.756, 7.0
1256, tt0808315, 4.383, 5.4
1257, tt0490084, 10.661, 5.9
NaN, NaN, NaN, NaN
1259, tt0465551, 15.726, 7.1
1260, tt0447249, 1.746, 8.6
NaN, NaN, NaN, NaN
1262, tt0420223, 10.003, 7.2
1263, tt0449080, 1.168, 6.3
1264, tt0811159, 4.742, 5.5
1265, tt0398808, 33.104, 7.3
1266, tt0421073, 21.877, 6.6
1267, tt0396555, 58.892, 6.9
1268, tt0453451, 25.003, 6.3
1269, tt0446009, 5.366, 6.6
NaN, NaN, NaN, NaN
1271, tt0416449, 47.884, 7.2
1272, tt0448134, 14.976, 7.0
1273, tt0453556, 30.459, 6.1
NaN, NaN, NaN, NaN
NaN, NaN, NaN, NaN
NaN, NaN, NaN, NaN
1277, tt0155722, 7.454, 7.9
1278, tt0309987, 27.097, 7.3
1279, tt0397619, 7.158, 6.9
1280, tt0423866, 27.839, 7.8
1281, tt0118689, 21.881, 6.4
1282, tt0275309, 8.537, 7.1
1283, tt0120868, 13.584, 6.4
1284, tt0257231, 11.435, 6.0
1285, tt0444505, 13.726, 5.3
NaN, NaN, NaN, NaN
NaN, NaN, NaN, NaN
NaN, NaN, NaN, NaN
NaN, NaN, NaN, NaN
NaN, NaN, NaN, NaN
NaN, NaN, NaN, NaN
NaN, NaN, NaN, NaN
NaN, NaN, NaN, NaN
1294, tt0461694, 7.17, 6.9
NaN, NaN, NaN, NaN
NaN, NaN, NaN, NaN
NaN, NaN, NaN, NaN
NaN, NaN, NaN, NaN
NaN, NaN, NaN, NaN
NaN, NaN, NaN, NaN
NaN, NaN, NaN, NaN
NaN, NaN, NaN, NaN
NaN, NaN, NaN, NaN
NaN, NaN, NaN, NaN
NaN, NaN, NaN, NaN
NaN, NaN, NaN, NaN
NaN, NaN, NaN, NaN
NaN, NaN, NaN, NaN
NaN, NaN, NaN, NaN
NaN, NaN, NaN, NaN
NaN, NaN, NaN, NaN
NaN, NaN, NaN, NaN
NaN, NaN, NaN, NaN
NaN, NaN, NaN, NaN
NaN, NaN, NaN, NaN
NaN, NaN, NaN, NaN
NaN, NaN, NaN, NaN
NaN, NaN, NaN, NaN
NaN, NaN, NaN, NaN
NaN, NaN, NaN, NaN
NaN, NaN, NaN, NaN
NaN, NaN, NaN, NaN
NaN, NaN, NaN, NaN
NaN, NaN, NaN, NaN
NaN, NaN, NaN, NaN
NaN, NaN, NaN, NaN
NaN, NaN, NaN, NaN
NaN, NaN, NaN, NaN
NaN, NaN, NaN, NaN
NaN, NaN, NaN, NaN
NaN, NaN, NaN, NaN
NaN, NaN, NaN, NaN
NaN, NaN, NaN, NaN
NaN, NaN, NaN, NaN
NaN, NaN, NaN, NaN
NaN, NaN, NaN, NaN
NaN, NaN, NaN, NaN
NaN, NaN, NaN, NaN
NaN, NaN, NaN, NaN
NaN, NaN, NaN, NaN
NaN, NaN, NaN, NaN
NaN, NaN, NaN, NaN
NaN, NaN, NaN, NaN
NaN, NaN, NaN, NaN
NaN, NaN, NaN, NaN
NaN, NaN, NaN, NaN
NaN, NaN, NaN, NaN
NaN, NaN, NaN, NaN
NaN, NaN, NaN, NaN
NaN, NaN, NaN, NaN
NaN, NaN, NaN, NaN
NaN, NaN, NaN, NaN
NaN, NaN, NaN, NaN
NaN, NaN, NaN, NaN
NaN, NaN, NaN, NaN
NaN, NaN, NaN, NaN
NaN, NaN, NaN, NaN
1358, tt0103882, 8.967, 7.4
1359, tt0144084, 40.465, 7.4
1360, tt0120679, 21.473, 7.5
1361, tt0079802, 11.667, 6.6
1362, tt0077687, 19.826, 6.3
1363, tt0120699, 4.265, 6.2
1364, tt0254455, 45.808, 6.7
1365, tt0285742, 13.369, 6.7
1366, tt0075148, 56.116, 7.8
1367, tt0079817, 41.22, 7.2
1368, tt0083944, 57.515, 7.4
1369, tt0089880, 73.378, 6.6
1370, tt0095956, 57.874, 6.1
1371, tt0084602, 50.164, 6.8
1372, tt0450259, 37.192, 7.5
1373, tt0251052, 4.194, 6.6
1374, tt0089927, 57.471, 7.0
1375, tt0100507, 44.528, 5.7
1376, tt0313670, 6.591, 7.0
1377, tt0051745, 9.176, 6.4
1378, tt0367027, 16.68, 6.4
1379, tt0458242, 4.667, 6.6
1380, tt0097438, 7.328, 5.8
1381, tt0414993, 12.003, 6.9
1382, tt0415978, 7.08, 7.0
NaN, NaN, NaN, NaN
NaN, NaN, NaN, NaN
NaN, NaN, NaN, NaN
1386, tt0169173, 2.029, 7.4
1387, tt0094075, 3.408, 7.2
1388, tt0094300, 0.982, 6.2
1389, tt0120780, 17.262, 6.6
NaN, NaN, NaN, NaN
1391, tt0245574, 29.664, 7.4
1392, tt0388789, 6.738, 7.0
1393, tt0432325, 6.003, 7.3
1394, tt0086022, 11.11, 7.9
NaN, NaN, NaN, NaN
1396, tt0072443, 17.443, 8.1
1397, tt0985019, 1.853, 10.0
1398, tt0079944, 25.272, 8.3
NaN, NaN, NaN, NaN
NaN, NaN, NaN, NaN
NaN, NaN, NaN, NaN
1402, tt0454921, 37.334, 7.9
1403, tt0060355, 10.293, 6.3
1404, tt0380366, 5.66, 6.6
1405, tt0015881, 5.827, 7.6
1406, tt0101587, 14.934, 6.4
1407, tt0450188, 12.384, 7.5
1408, tt0112760, 11.521, 5.7
NaN, NaN, NaN, NaN
1410, tt0069945, 8.046, 6.0
1411, tt0102757, 6.792, 6.1
1412, tt0098724, 22.097, 6.9
1413, tt0107468, 9.08, 6.5
1414, tt0133363, 9.054, 7.4
1415, tt0320244, 8.628, 5.9
1416, tt0341384, 5.062, 6.6
1417, tt0457430, 44.471, 7.7
1418, tt0350193, 9.521, 7.2
1419, tt0890888, 3.189, 4.4
1420, tt0411195, 11.872, 7.2
1421, tt0076155, 5.839, 7.3
1422, tt0407887, 38.392, 8.2
1423, tt1344607, 2.428, 3.0
1424, tt0368089, 5.407, 4.7
NaN, NaN, NaN, NaN
1426, tt0490174, 1.2, 2.0
1427, tt0396171, 62.184, 7.3
1428, tt0285823, 24.563, 6.3
1429, tt0307901, 14.29, 7.4
1430, tt0310793, 11.954, 7.6
NaN, NaN, NaN, NaN
NaN, NaN, NaN, NaN
1433, tt0256009, 20.663, 7.3
NaN, NaN, NaN, NaN
1435, tt0390538, 6.066, 6.9
1436, tt0275083, 9.865, 7.0
1437, tt0388679, 2.512, 5.1
1438, tt0940833, 1.16, 10.0
1439, tt0166485, 16.712, 6.7
1440, tt0404203, 19.657, 7.1
1441, tt0445946, 14.281, 5.7
1442, tt0954937, 1.661, 6.9
1443, tt0159097, 17.091, 7.1
1444, tt0418773, 10.3, 6.7
NaN, NaN, NaN, NaN
NaN, NaN, NaN, NaN
NaN, NaN, NaN, NaN
1448, tt0120894, 8.304, 5.9
NaN, NaN, NaN, NaN
1450, tt0806027, 11.005, 5.7
NaN, NaN, NaN, NaN
1452, tt0348150, 28.704, 5.7
NaN, NaN, NaN, NaN
NaN, NaN, NaN, NaN
NaN, NaN, NaN, NaN
NaN, NaN, NaN, NaN
NaN, NaN, NaN, NaN
NaN, NaN, NaN, NaN
NaN, NaN, NaN, NaN
NaN, NaN, NaN, NaN
NaN, NaN, NaN, NaN
NaN, NaN, NaN, NaN
NaN, NaN, NaN, NaN
NaN, NaN, NaN, NaN
NaN, NaN, NaN, NaN
NaN, NaN, NaN, NaN
NaN, NaN, NaN, NaN
NaN, NaN, NaN, NaN
NaN, NaN, NaN, NaN
NaN, NaN, NaN, NaN
NaN, NaN, NaN, NaN
NaN, NaN, NaN, NaN
NaN, NaN, NaN, NaN
NaN, NaN, NaN, NaN
NaN, NaN, NaN, NaN
NaN, NaN, NaN, NaN
NaN, NaN, NaN, NaN
NaN, NaN, NaN, NaN
1479, tt0106579, 5.775, 6.5
1480, tt0052311, 16.117, 7.8
1481, tt0110500, 1.547, 3.7
1482, tt0104693, 2.097, 7.0
1483, tt0101420, 11.783, 5.9
1484, tt0114704, 1.282, 6.6
1485, tt0067128, 8.781, 7.1
NaN, NaN, NaN, NaN
1487, tt0167190, 37.114, 6.7
1488, tt0461804, 1.946, 5.2
NaN, NaN, NaN, NaN
1490, , 0.6, 0.0
1491, tt0443543, 21.491, 7.3
1492, tt0103594, 11.89, 6.1
1493, tt0212346, 45.9, 6.5
1494, tt0473444, 21.53, 6.8
1495, tt0320661, 35.552, 6.8
1496, tt0101615, 9.223, 4.9
1497, tt0103060, 18.397, 6.1
1498, tt0100758, 29.741, 6.6
1499, tt0108308, 21.137, 5.4
NaN, NaN, NaN, NaN
NaN, NaN, NaN, NaN
NaN, NaN, NaN, NaN
NaN, NaN, NaN, NaN
NaN, NaN, NaN, NaN
NaN, NaN, NaN, NaN
NaN, NaN, NaN, NaN
NaN, NaN, NaN, NaN
NaN, NaN, NaN, NaN
NaN, NaN, NaN, NaN
NaN, NaN, NaN, NaN
NaN, NaN, NaN, NaN
NaN, NaN, NaN, NaN
NaN, NaN, NaN, NaN
NaN, NaN, NaN, NaN
NaN, NaN, NaN, NaN
NaN, NaN, NaN, NaN
NaN, NaN, NaN, NaN
NaN, NaN, NaN, NaN
NaN, NaN, NaN, NaN
NaN, NaN, NaN, NaN
NaN, NaN, NaN, NaN
NaN, NaN, NaN, NaN
1523, tt0455590, 12.152, 7.5
NaN, NaN, NaN, NaN
NaN, NaN, NaN, NaN
NaN, NaN, NaN, NaN
NaN, NaN, NaN, NaN
NaN, NaN, NaN, NaN
NaN, NaN, NaN, NaN
NaN, NaN, NaN, NaN
NaN, NaN, NaN, NaN
NaN, NaN, NaN, NaN
NaN, NaN, NaN, NaN
1534, tt0446013, 18.752, 5.6
1535, tt0266987, 19.245, 6.9
NaN, NaN, NaN, NaN
1537, tt0264472, 12.759, 6.1
1538, tt0369339, 20.847, 7.2
1539, tt0448009, 1.393, 5.6
1540, tt0381690, 1.572, 5.6
1541, tt0103074, 19.281, 7.6
1542, tt0151804, 16.013, 7.4
1543, tt0424992, 2.533, 6.6
1544, tt0421994, 20.651, 7.6
NaN, NaN, NaN, NaN
1546, tt0318761, 8.249, 6.2
1547, tt0093437, 24.024, 7.0
1548, tt0162346, 10.085, 7.2
1549, tt0338977, 4.186, 6.7
1550, tt0311648, 9.535, 6.4
1551, tt0099582, 27.723, 6.5
1552, tt0098067, 12.912, 6.7
1553, tt0411270, 6.233, 7.0
1554, tt0090967, 10.727, 7.4
1555, tt0283900, 12.051, 7.1
1556, tt0064068, 10.759, 7.4
1557, tt0126765, 8.847, 7.0
1558, tt0325734, 1.523, 6.1
1559, tt0072235, 12.514, 5.3
1560, tt0100623, 4.752, 6.9
1561, tt0061996, 5.041, 7.4
1562, tt0463854, 33.174, 6.6
1563, tt0084628, 8.433, 7.5
1564, tt0045673, 1.889, 7.3
NaN, NaN, NaN, NaN
1566, tt0052654, 7.372, 7.3
1567, tt0157016, 14.643, 7.6
1568, tt0218871, 5.65, 7.0
1569, tt1540987, 1.331, 5.4
NaN, NaN, NaN, NaN
1571, tt0337978, 38.417, 6.6
1572, tt0112864, 30.854, 7.2
1573, tt0099423, 34.464, 6.9
1574, tt0299658, 18.488, 7.1
NaN, NaN, NaN, NaN
1576, tt0120804, 50.497, 6.6
1577, tt0318627, 45.782, 6.4
1578, tt0081398, 20.101, 8.0
1579, tt0472043, 105.599, 7.5
1580, tt0040746, 15.939, 8.0
1581, tt0457939, 19.457, 7.1
NaN, NaN, NaN, NaN
1583, tt0258760, 7.616, 6.9
1584, tt0332379, 50.147, 7.1
1585, tt0038650, 37.502, 8.3
1586, tt0363988, 35.184, 6.6
1587, tt0108550, 29.016, 7.7
1588, tt0204946, 27.265, 6.2
1589, tt0337631, 4.611, 6.0
1590, tt0424908, 11.169, 6.4
1591, tt0161860, 6.858, 7.1
1592, tt0117381, 28.543, 7.7
1593, tt0477347, 35.802, 6.6
1594, tt0058586, 8.427, 7.3
1595, tt0382357, 4.943, 5.8
1596, tt0462482, 8.256, 5.8
1597, tt0212338, 19.455, 6.7
1598, tt0101540, 22.133, 7.2
1599, tt0356721, 12.739, 6.3
1600, tt0101765, 15.936, 7.6
NaN, NaN, NaN, NaN
NaN, NaN, NaN, NaN
NaN, NaN, NaN, NaN
NaN, NaN, NaN, NaN
NaN, NaN, NaN, NaN
NaN, NaN, NaN, NaN
1607, tt0106489, 29.125, 7.8
1608, tt0114917, 4.1, 5.9
1609, tt0238660, 8.225, 6.8
1610, tt0119114, 7.831, 6.6
1611, tt0326429, 7.033, 6.5
1612, tt0225824, 1.147, 5.2
1613, tt0227984, 14.379, 6.1
NaN, NaN, NaN, NaN
1615, tt0293124, 1.619, 4.4
1616, tt0427219, 2.392, 4.8
NaN, NaN, NaN, NaN
1618, tt0149151, 6.276, 6.7
1619, tt0202677, 8.332, 6.3
1620, tt0465494, 47.161, 6.1
1621, tt0086465, 33.319, 7.2
1622, tt0415932, 4.756, 6.7
1623, tt0080474, 8.88, 7.1
1624, tt0119528, 26.223, 6.6
NaN, NaN, NaN, NaN
1626, tt0056663, 16.085, 7.8
1627, tt0064285, 6.821, 7.1
1628, tt0055032, 13.125, 7.7
1629, tt0061473, 6.76, 7.0
1630, tt0117318, 10.666, 7.0
1631, tt0135024, 24.02, 5.3
1632, tt0095647, 15.255, 7.7
1633, tt0101921, 18.337, 7.7
1634, tt0106965, 48.58, 6.2
1635, tt0399201, 23.006, 6.7
1636, tt0230030, 25.316, 5.9
1637, tt0111257, 36.337, 7.1
NaN, NaN, NaN, NaN
1639, tt0120179, 25.988, 4.5
1640, tt0375679, 16.449, 7.3
1641, tt0141098, 8.974, 5.4
1642, tt0113957, 12.998, 5.9
1643, tt0070849, 22.85, 7.0
1644, tt0108473, 10.277, 6.1
1645, tt0117913, 28.186, 7.3
1646, tt0463998, 40.974, 7.9
1647, tt0292506, 12.408, 6.3
1648, tt0096928, 15.713, 6.9
1649, tt0101452, 16.024, 6.3
1650, tt0263329, 0.84, 6.3
1651, tt0064990, 5.812, 6.6
1652, tt0109000, 2.057, 6.5
1653, tt0318462, 15.424, 7.4
1654, tt0061578, 14.002, 7.6
1655, tt0119932, 2.169, 6.4
1656, tt0386140, 28.694, 6.1
NaN, NaN, NaN, NaN
1658, tt0466634, 2.013, 6.6
1659, tt0108317, 2.197, 6.1
1660, tt0074152, 5.823, 7.2
1661, tt0177507, 3.306, 7.7
1662, tt0100685, 9.708, 7.0
1663, tt0057718, 1.731, 6.4
NaN, NaN, NaN, NaN
1665, tt0403217, 8.132, 5.6
1666, tt0799954, 8.403, 6.8
1667, tt0428803, 14.288, 7.0
NaN, NaN, NaN, NaN
1669, tt0099810, 28.069, 7.4
1670, tt0061795, 1.628, 6.6
NaN, NaN, NaN, NaN
1672, tt0082949, 11.042, 7.3
1673, tt0053729, 7.102, 6.5
NaN, NaN, NaN, NaN
1675, tt0070460, 7.032, 7.9
1676, tt0063811, 6.867, 6.4
1677, tt0350258, 15.063, 7.4
1678, tt0047034, 21.18, 7.6
1679, tt0048127, 12.331, 6.0
1680, tt13364334, 16.42, 6.7
NaN, NaN, NaN, NaN
1682, tt0058379, 10.116, 7.2
1683, tt0444682, 15.801, 5.7
1684, tt0949502, 0.916, 6.3
1685, tt0065462, 26.039, 6.2
1686, tt0061465, 3.287, 5.7
1687, tt0067065, 21.404, 6.3
1688, tt0068408, 11.386, 6.2
1689, tt0107426, 11.261, 6.3
1690, tt0450278, 50.564, 5.9
1691, tt0498353, 58.653, 5.8
NaN, NaN, NaN, NaN
1693, tt0365513, 6.17, 5.9
1694, tt0089885, 16.236, 7.1
NaN, NaN, NaN, NaN
1696, tt0395584, 18.917, 6.8
1697, tt0780180, 3.796, 7.1
1698, tt0187696, 8.487, 6.1
1699, tt0312358, 6.355, 5.8
1700, tt0100157, 30.725, 7.7
1701, tt0118880, 29.5, 6.7
1702, tt0109575, 4.358, 5.7
NaN, NaN, NaN, NaN
NaN, NaN, NaN, NaN
1705, tt0069768, 23.524, 5.8
NaN, NaN, NaN, NaN
NaN, NaN, NaN, NaN
NaN, NaN, NaN, NaN
NaN, NaN, NaN, NaN
1710, tt0112722, 13.935, 6.5
1711, tt0131502, 4.054, 6.0
1712, tt0049261, 11.744, 7.6
1713, tt0102175, 9.615, 6.4
1714, tt0060390, 16.05, 7.2
1715, tt0124315, 10.017, 7.0
1716, tt0080610, 9.578, 7.3
1717, tt0405676, 8.86, 5.8
1718, tt0033021, 3.69, 5.8
1719, tt0058458, 7.963, 7.1
1720, tt0351461, 4.692, 6.9
1721, tt0069095, 8.781, 6.8
1722, tt0238112, 10.146, 6.0
1723, tt0074554, 6.024, 7.0
1724, tt0800080, 98.631, 6.2
1725, tt0055614, 23.002, 7.3
1726, tt0371746, 172.726, 7.6
1727, tt0099141, 13.173, 6.2
NaN, NaN, NaN, NaN
1729, tt0865556, 27.359, 6.6
1730, tt0460829, 14.418, 7.1
1731, tt1012729, 7.355, 6.6
1732, tt0079753, 3.11, 5.9
NaN, NaN, NaN, NaN
1734, tt0209163, 63.833, 6.3
1735, tt0859163, 35.848, 5.4
1736, tt0805613, 1.196, 5.8
NaN, NaN, NaN, NaN
1738, tt0435705, 20.305, 6.0
1739, tt0051185, 1.161, 6.0
1740, tt0300237, 5.477, 5.0
NaN, NaN, NaN, NaN
NaN, NaN, NaN, NaN
NaN, NaN, NaN, NaN
NaN, NaN, NaN, NaN
NaN, NaN, NaN, NaN
NaN, NaN, NaN, NaN
NaN, NaN, NaN, NaN
NaN, NaN, NaN, NaN
NaN, NaN, NaN, NaN
NaN, NaN, NaN, NaN
NaN, NaN, NaN, NaN
NaN, NaN, NaN, NaN
NaN, NaN, NaN, NaN
NaN, NaN, NaN, NaN
NaN, NaN, NaN, NaN
NaN, NaN, NaN, NaN
NaN, NaN, NaN, NaN
NaN, NaN, NaN, NaN
NaN, NaN, NaN, NaN
NaN, NaN, NaN, NaN
NaN, NaN, NaN, NaN
NaN, NaN, NaN, NaN
NaN, NaN, NaN, NaN
NaN, NaN, NaN, NaN
NaN, NaN, NaN, NaN
NaN, NaN, NaN, NaN
NaN, NaN, NaN, NaN
NaN, NaN, NaN, NaN
NaN, NaN, NaN, NaN
1770, tt0117039, 7.875, 6.9
1771, tt0458339, 143.083, 7.0
1772, tt0101588, 2.576, 7.0
1773, tt0022626, 1.897, 7.4
1774, tt0124295, 3.75, 6.9
1775, tt0109370, 8.705, 5.8
1776, tt0486358, 7.052, 7.0
1777, tt0361596, 11.093, 7.1
1778, tt0309326, 2.61, 7.7
1779, tt0098213, 7.478, 7.2
NaN, NaN, NaN, NaN
1781, tt0497116, 11.807, 7.0
1782, tt0940580, 9.576, 5.4
1783, tt0243609, 11.02, 6.5
NaN, NaN, NaN, NaN
1785, tt0097884, 4.484, 6.9
1786, tt0092593, 9.096, 7.5
1787, tt0062728, 3.195, 6.0
1788, tt0087277, 18.627, 6.6
1789, tt0052837, 1.775, 7.3
1790, tt0064409, 2.191, 5.5
1791, tt0254686, 22.306, 7.3
1792, tt0338466, 14.185, 5.3
1793, tt0085919, 2.912, 6.6
NaN, NaN, NaN, NaN
NaN, NaN, NaN, NaN
NaN, NaN, NaN, NaN
NaN, NaN, NaN, NaN
NaN, NaN, NaN, NaN
NaN, NaN, NaN, NaN
NaN, NaN, NaN, NaN
NaN, NaN, NaN, NaN
1802, tt0112769, 6.984, 7.2
1803, tt0086896, 8.486, 6.0
NaN, NaN, NaN, NaN
NaN, NaN, NaN, NaN
NaN, NaN, NaN, NaN
1807, tt0363589, 33.531, 7.1
1808, tt0120879, 12.405, 6.9
1809, tt0292644, 12.342, 6.2
1810, tt0045296, 8.498, 7.0
1811, tt0119809, 12.533, 6.8
1812, tt0162710, 9.516, 7.1
1813, tt0118971, 44.565, 7.4
1814, tt0496566, 1.648, 0.0
1815, tt0077234, 5.688, 5.8
1816, tt0088915, 11.262, 6.3
1817, tt0183649, 17.971, 6.8
1818, tt0054389, 9.451, 7.2
1819, tt0463034, 11.761, 5.6
NaN, NaN, NaN, NaN
NaN, NaN, NaN, NaN
NaN, NaN, NaN, NaN
NaN, NaN, NaN, NaN
1824, tt0343660, 31.222, 6.8
1825, tt0093692, 17.531, 6.3
1826, tt0409184, 7.78, 6.6
NaN, NaN, NaN, NaN
NaN, NaN, NaN, NaN
1829, tt0073114, 6.43, 6.9
1830, tt0399295, 27.81, 7.3
1831, tt0156841, 9.013, 5.2
1832, tt0120655, 13.479, 6.9
1833, tt0294870, 16.32, 6.8
1834, tt0037101, 6.55, 7.3
1835, tt0072973, 7.341, 6.6
1836, tt0337961, 6.372, 6.0
1837, tt0227458, 6.957, 7.1
1838, tt0425235, 2.15, 7.1
1839, tt0220967, 0.741, 6.0
1840, tt0039217, 1.903, 5.8
1841, tt0039545, 5.151, 6.0
1842, tt0068837, 3.407, 5.0
1843, tt0388888, 5.953, 6.9
1844, tt0137494, 22.365, 6.2
1845, tt0841044, 9.766, 6.3
1846, tt0064638, 3.601, 6.1
1847, tt0070334, 9.07, 7.5
1848, tt0145400, 2.854, 5.5
1849, tt0057362, 1.605, 7.0
1850, tt0125664, 12.994, 7.2
1851, tt0077156, 2.135, 5.4
1852, tt0469641, 17.626, 6.2
1853, tt0390123, 3.672, 7.2
1854, tt0069660, 1.16, 5.5
1855, tt0060227, 2.308, 7.9
NaN, NaN, NaN, NaN
1857, tt0092106, 21.899, 7.2
1858, tt0418279, 19.307, 6.7
1859, tt0031725, 7.805, 7.6
1860, tt0096815, 1.4, 7.0
1861, tt0427925, 0.6, 10.0
1862, tt0082059, 1.397, 6.6
1863, tt0065782, 8.224, 7.6
1864, tt0065828, 1.3, 6.4
1865, tt1298650, 236.804, 6.5
NaN, NaN, NaN, NaN
NaN, NaN, NaN, NaN
1868, tt0062686, 0.6, 5.7
NaN, NaN, NaN, NaN
1870, tt0059168, 7.227, 6.7
1871, tt0058089, 15.365, 6.8
1872, tt0389328, 8.191, 5.0
1873, tt0112495, 5.238, 6.7
1874, tt0438859, 6.991, 6.8
1875, tt0060400, 9.137, 6.7
1876, tt0382222, 1.808, 6.0
1877, tt0104115, 3.438, 5.8
1878, tt0120669, 26.929, 7.2
1879, tt0061735, 14.001, 7.7
1880, tt0087985, 13.866, 6.3
1881, tt0309093, 1.946, 7.4
1882, tt0042727, 5.092, 7.0
1883, tt0104797, 15.304, 7.5
1884, tt0087225, 15.212, 6.0
1885, tt0087538, 61.382, 7.2
NaN, NaN, NaN, NaN
1887, tt0422720, 27.319, 6.6
1888, tt0060424, 7.954, 7.3
1889, tt0059248, 0.6, 5.0
1890, tt0090830, 6.098, 7.0
1891, tt0080684, 35.942, 8.4
1892, tt0086190, 31.719, 7.9
1893, tt0120915, 47.571, 6.5
1894, tt0121765, 39.463, 6.5
1895, tt0121766, 38.554, 7.4
1896, tt0445691, 4.47, 6.7
NaN, NaN, NaN, NaN
1898, tt0307026, 0.6, 0.0
1899, tt0425985, 6.754, 6.4
1900, tt0181865, 19.486, 7.1
1901, tt0385267, 11.68, 6.0
1902, tt0125659, 15.799, 7.5
1903, tt0259711, 20.718, 6.8
1904, tt0397535, 22.846, 7.7
1905, tt0065465, 1.528, 5.3
1906, tt0079924, 1.784, 6.6
1907, tt0163978, 19.959, 6.4
1908, tt0053946, 7.766, 7.8
1909, tt0112883, 9.854, 6.6
1910, tt0441795, 0.912, 5.6
1911, tt0120657, 25.281, 6.6
1912, tt0810868, 3.749, 6.7
1913, tt0369702, 12.887, 7.6
1914, tt0487027, 1.41, 6.2
1915, tt0102397, 10.016, 5.6
NaN, NaN, NaN, NaN
1917, tt0326036, 1.984, 6.1
1918, tt0388311, 1.957, 6.9
1919, tt0491747, 8.336, 7.1
1920, tt0050271, 6.188, 6.2
1921, tt0230838, 19.621, 6.8
1922, tt0762110, 7.466, 6.9
1923, tt0105665, 20.925, 7.3
1924, tt0078346, 41.788, 7.1
1925, tt0389738, 2.682, 6.1
1926, tt0328802, 7.993, 6.6
1927, tt0286716, 62.449, 5.5
NaN, NaN, NaN, NaN
NaN, NaN, NaN, NaN
1930, tt0948470, 960.145, 6.6
1931, tt0775539, 23.978, 6.8
NaN, NaN, NaN, NaN
1933, tt0230600, 31.3, 7.6
1934, tt0138097, 14.997, 6.9
1935, tt0410639, 3.326, 5.5
1936, tt0047422, 10.804, 6.6
1937, tt0051429, 7.324, 6.7
1938, tt0044357, 7.417, 7.1
1939, tt0037008, 8.409, 7.7
1940, tt0053182, 3.977, 6.5
1941, tt0053804, 9.414, 6.7
1942, tt0058997, 5.775, 7.2
1943, tt0073637, 1.524, 4.5
1944, tt0348593, 9.441, 6.1
1945, tt0110638, 7.569, 6.6
1946, tt0120907, 12.665, 6.9
1947, tt0350261, 12.369, 6.7
1948, tt0479884, 31.535, 6.6
1949, tt0443706, 33.214, 7.5
1950, tt0338216, 9.475, 5.6
1951, tt0342735, 8.338, 6.9
NaN, NaN, NaN, NaN
NaN, NaN, NaN, NaN
1954, tt0289879, 41.285, 7.5
1955, tt0080678, 16.049, 8.1
1956, tt0302674, 8.247, 6.2
1957, tt0278435, 21.214, 6.6
1958, tt0283832, 8.02, 7.0
1959, tt0120257, 3.851, 6.6
NaN, NaN, NaN, NaN
1961, tt0489235, 7.723, 6.0
1962, tt0325733, 5.282, 6.3
1963, tt0456470, 9.221, 6.9
1964, tt0441762, 4.021, 6.7
1965, tt0120787, 18.184, 6.5
1966, tt0346491, 24.001, 5.9
1967, tt0384814, 9.835, 5.2
1968, tt0119141, 11.875, 6.4
1969, tt0416496, 15.902, 6.0
1970, tt0391198, 59.887, 5.9
NaN, NaN, NaN, NaN
NaN, NaN, NaN, NaN
NaN, NaN, NaN, NaN
NaN, NaN, NaN, NaN
1975, tt0433386, 37.077, 5.5
1976, tt0030287, 6.848, 7.1
1977, tt1053859, 31.462, 5.5
1978, tt0042994, 10.646, 6.7
1979, tt0486576, 45.755, 5.6
1980, tt0951318, 3.137, 5.3
NaN, NaN, NaN, NaN
NaN, NaN, NaN, NaN
NaN, NaN, NaN, NaN
1984, tt0048918, 8.854, 6.7
1985, tt0387131, 16.312, 7.0
1986, tt0388505, 6.772, 7.4
